GF IDLE0000,0,0,120,106,0,1
GF IDLE0001,0,0,120,106,0,1
GF IDLE0002,130,0,120,106,0,1
GF IDLE0003,130,0,120,106,0,1
GF IDLE0004,130,0,120,106,0,1
GF IDLE0005,260,0,120,106,0,1
GF IDLE0006,260,0,120,106,0,1
GF IDLE0007,260,0,120,106,0,1
GF IDLE0008,260,0,120,106,0,1
GF IDLE0009,390,0,120,106,0,1
GF IDLE0010,390,0,120,106,0,1
GF IDLE0011,390,0,120,106,0,1
GF IDLE0012,390,0,120,106,0,1
GF IDLE0013,0,116,120,106,0,1
GF IDLE0014,0,116,120,106,0,1
GF IDLE0015,130,116,120,106,0,1
GF IDLE0016,130,116,120,106,0,1
GF IDLE0017,260,116,120,106,0,1
GF IDLE0018,260,116,120,106,0,1
GF IDLE0019,260,116,120,106,0,1
GF IDLE0020,390,116,120,106,0,1
GF IDLE0021,390,116,120,106,0,1
GF IDLE0022,390,116,120,106,0,1
GF IDLE0023,390,116,120,106,0,1
GF IDLE0024,390,116,120,106,0,1
GF IDLE0025,0,232,120,106,0,1
GF IDLE0026,0,232,120,106,0,1
GF IDLE0027,0,232,120,106,0,1
GF IDLE0028,0,232,120,106,0,1
GF IDLE0029,0,232,120,106,0,1
<EOF>