Pico shoot 10000,6865,667,899,711,0,0
Pico shoot 10001,2326,667,901,711,0,0
Pico shoot 10002,3604,0,1066,791,0,0
Pico shoot 10003,0,0,1176,791,0,0
Pico shoot 10004,704,2074,700,719,0,0
Pico shoot 10005,4803,1439,743,711,0,0
Pico shoot 10006,3231,795,752,752,0,0
Pico shoot 10007,704,2074,700,719,0,0
Pico shoot 10008,4803,1439,743,711,0,0
Pico shoot 10009,3231,795,752,752,0,0
Pico shoot 10010,704,2074,700,719,0,0
Pico shoot 10011,4803,1439,743,711,0,0
Pico shoot 10012,3231,795,752,752,0,0
Pico shoot 10013,704,2074,700,719,0,0
Pico shoot 10014,4803,1439,743,711,0,0
Pico shoot 10015,3231,795,752,752,0,0
Pico shoot 10016,704,2074,700,719,0,0
Pico shoot 10017,4803,1439,743,711,0,0
Pico shoot 10018,3231,795,752,752,0,0
Pico shoot 10019,704,2074,700,719,0,0
Pico shoot 10020,4803,1439,743,711,0,0
Pico shoot 10021,3231,795,752,752,0,0
Pico shoot 10022,704,2074,700,719,0,0
Pico shoot 10023,4803,1439,743,711,0,0
Pico shoot 10024,3231,795,752,752,0,0
Pico shoot 10025,704,2074,700,719,0,0
Pico shoot 20000,0,795,868,653,0,0
Pico shoot 20001,2075,1382,866,653,0,0
Pico shoot 20002,6865,0,1154,663,0,0
Pico shoot 20003,2326,0,1274,663,0,0
Pico shoot 20004,6319,2128,700,663,0,0
Pico shoot 20005,7023,2133,700,663,0,0
Pico shoot 20006,5550,2134,700,663,0,0
Pico shoot 20007,6319,2128,700,663,0,0
Pico shoot 20008,7023,2133,700,663,0,0
Pico shoot 20009,5550,2134,700,663,0,0
Pico shoot 20010,6319,2128,700,663,0,0
Pico shoot 20011,7023,2133,700,663,0,0
Pico shoot 20012,5550,2134,700,663,0,0
Pico shoot 20013,6319,2128,700,663,0,0
Pico shoot 20014,7023,2133,700,663,0,0
Pico shoot 20015,5550,2134,700,663,0,0
Pico shoot 20016,6319,2128,700,663,0,0
Pico shoot 20017,7023,2133,700,663,0,0
Pico shoot 20018,5550,2134,700,663,0,0
Pico shoot 20019,6319,2128,700,663,0,0
Pico shoot 20020,7023,2133,700,663,0,0
Pico shoot 20021,5550,2134,700,663,0,0
Pico shoot 20022,6319,2128,700,663,0,0
Pico shoot 20023,4385,2154,700,663,0,0
Pico shoot 20024,3677,2104,704,663,0,0
Pico shoot 20025,0,2203,700,663,0,0
Pico shoot 20026,7023,2133,700,663,0,0
Pico shoot 20027,5550,2134,700,663,0,0
Pico shoot 20028,6319,2128,700,663,0,0
Pico shoot 20029,7023,2133,700,663,0,0
Pico shoot 20030,5550,2134,700,663,0,0
Pico shoot 20031,6319,2128,700,663,0,0
Pico shoot 20032,7023,2133,700,663,0,0
Pico shoot 20033,5550,2134,700,663,0,0
Pico shoot 20034,6319,2128,700,663,0,0
Pico shoot 20035,7023,2133,700,663,0,0
Pico shoot 20036,5550,2134,700,663,0,0
Pico shoot 20037,6319,2128,700,663,0,0
Pico shoot 20038,7023,2133,700,663,0,0
Pico shoot 20039,5550,2134,700,663,0,0
Pico shoot 20040,6319,2128,700,663,0,0
Pico shoot 20041,7023,2133,700,663,0,0
Pico shoot 20042,5550,2134,700,663,0,0
Pico shoot 20043,6319,2128,700,663,0,0
Pico shoot 20044,7023,2133,700,663,0,0
Pico shoot 20045,5550,2134,700,663,0,0
Pico shoot 20046,6319,2128,700,663,0,0
Pico shoot 20047,4385,2154,700,663,0,0
Pico shoot 20048,3677,2104,704,663,0,0
Pico shoot 20049,0,2203,700,663,0,0
Pico shoot 20050,7023,2133,700,663,0,0
Pico shoot 20051,5550,2134,700,663,0,0
Pico shoot 20052,6319,2128,700,663,0,0
Pico shoot 20053,7023,2133,700,663,0,0
Pico shoot 20054,5550,2134,700,663,0,0
Pico shoot 20055,6319,2128,700,663,0,0
Pico shoot 20056,7023,2133,700,663,0,0
Pico shoot 20057,5550,2134,700,663,0,0
Pico shoot 20058,6319,2128,700,663,0,0
Pico shoot 20059,7023,2133,700,663,0,0
Pico shoot 30000,872,1409,814,661,0,0
Pico shoot 30001,3987,1439,812,661,0,0
Pico shoot 30002,5746,731,952,653,0,0
Pico shoot 30003,5746,0,1115,727,0,0
Pico shoot 30004,1408,2754,700,653,0,0
Pico shoot 30005,3130,2771,700,653,0,0
Pico shoot 30006,6254,2795,700,653,0,0
Pico shoot 30007,1408,2754,700,653,0,0
Pico shoot 30008,3130,2771,700,653,0,0
Pico shoot 30009,6254,2795,700,653,0,0
Pico shoot 30010,1408,2754,700,653,0,0
Pico shoot 30011,3130,2771,700,653,0,0
Pico shoot 30012,6254,2795,700,653,0,0
Pico shoot 30013,1408,2754,700,653,0,0
Pico shoot 30014,3130,2771,700,653,0,0
Pico shoot 30015,6254,2795,700,653,0,0
Pico shoot 30016,1408,2754,700,653,0,0
Pico shoot 30017,3130,2771,700,653,0,0
Pico shoot 30018,6254,2795,700,653,0,0
Pico shoot 30019,1408,2754,700,653,0,0
Pico shoot 30020,3130,2771,700,653,0,0
Pico shoot 30021,6254,2795,700,653,0,0
Pico shoot 30022,1408,2754,700,653,0,0
Pico shoot 30023,704,2797,700,653,0,0
Pico shoot 30024,2422,2266,704,653,0,0
Pico shoot 30025,6958,2800,700,653,0,0
Pico shoot 30026,3130,2771,700,653,0,0
Pico shoot 30027,6254,2795,700,653,0,0
Pico shoot 30028,1408,2754,700,653,0,0
Pico shoot 30029,3130,2771,700,653,0,0
Pico shoot 30030,6254,2795,700,653,0,0
Pico shoot 30031,1408,2754,700,653,0,0
Pico shoot 30032,3130,2771,700,653,0,0
Pico shoot 30033,6254,2795,700,653,0,0
Pico shoot 30034,1408,2754,700,653,0,0
Pico shoot 30035,3130,2771,700,653,0,0
Pico shoot 30036,6254,2795,700,653,0,0
Pico shoot 30037,1408,2754,700,653,0,0
Pico shoot 30038,3130,2771,700,653,0,0
Pico shoot 30039,6254,2795,700,653,0,0
Pico shoot 30040,1408,2754,700,653,0,0
Pico shoot 30041,3130,2771,700,653,0,0
Pico shoot 30042,6254,2795,700,653,0,0
Pico shoot 30043,1408,2754,700,653,0,0
Pico shoot 30044,3130,2771,700,653,0,0
Pico shoot 30045,6254,2795,700,653,0,0
Pico shoot 30046,1408,2754,700,653,0,0
Pico shoot 30047,704,2797,700,653,0,0
Pico shoot 30048,2422,2266,704,653,0,0
Pico shoot 30049,6958,2800,700,653,0,0
Pico shoot 30050,3130,2771,700,653,0,0
Pico shoot 30051,6254,2795,700,653,0,0
Pico shoot 30052,1408,2754,700,653,0,0
Pico shoot 40000,1180,746,891,659,0,0
Pico shoot 40001,4674,776,889,659,0,0
Pico shoot 40002,4674,0,1068,772,0,0
Pico shoot 40003,1180,0,1142,742,0,0
Pico shoot 40004,7456,1382,700,747,0,0
Pico shoot 40005,2945,1551,728,711,0,0
Pico shoot 40006,5567,1388,748,742,0,0
Pico shoot 40007,7456,1382,700,747,0,0
Pico shoot 40008,2945,1551,728,711,0,0
Pico shoot 40009,5567,1388,748,742,0,0
Pico shoot 40010,7456,1382,700,747,0,0
Pico shoot 40011,2945,1551,728,711,0,0
Pico shoot 40012,5567,1388,748,742,0,0
Pico shoot 40013,7456,1382,700,747,0,0
Pico shoot 40014,2945,1551,728,711,0,0
Pico shoot 40015,5567,1388,748,742,0,0
Pico shoot 40016,7456,1382,700,747,0,0
Pico shoot 40017,2945,1551,728,711,0,0
Pico shoot 40018,5567,1388,748,742,0,0
Pico shoot 40019,7456,1382,700,747,0,0
Pico shoot 40020,2945,1551,728,711,0,0
Pico shoot 40021,5567,1388,748,742,0,0
Pico shoot 40022,7456,1382,700,747,0,0
Pico shoot 40023,1690,2039,728,711,0,0
Pico shoot 40024,6702,1382,750,742,0,0
Pico shoot 40025,0,1452,700,747,0,0
Pico shoot 40026,2945,1551,728,711,0,0
Pico shoot 40027,5567,1388,748,742,0,0
Pico shoot 40028,7456,1382,700,747,0,0
Pico shoot 40029,2945,1551,728,711,0,0
Pico shoot 40030,5567,1388,748,742,0,0
Pico shoot 40031,7456,1382,700,747,0,0
Pico shoot 40032,2945,1551,728,711,0,0
Pico shoot 40033,5567,1388,748,742,0,0
Pico shoot 40034,7456,1382,700,747,0,0
Pico shoot 40035,2945,1551,728,711,0,0
Pico shoot 40036,5567,1388,748,742,0,0
Pico shoot 40037,7456,1382,700,747,0,0
Pico shoot 40038,2945,1551,728,711,0,0
Pico shoot 40039,5567,1388,748,742,0,0
Pico shoot 40040,7456,1382,700,747,0,0
Pico shoot 40041,2945,1551,728,711,0,0
Pico shoot 40042,5567,1388,748,742,0,0
Pico shoot 40043,7456,1382,700,747,0,0
Pico shoot 40044,2945,1551,728,711,0,0
Pico shoot 40045,5567,1388,748,742,0,0
Pico shoot 40046,7456,1382,700,747,0,0
Pico shoot 40047,1690,2039,728,711,0,0
Pico shoot 40048,6702,1382,750,742,0,0
Pico shoot 40049,0,1452,700,747,0,0
Pico shoot 40050,2945,1551,728,711,0,0
Pico shoot 40051,5567,1388,748,742,0,0
Pico shoot 40052,7456,1382,700,747,0,0
<EOF>