idle spirit 0000,0,1028,128,128,0,1
idle spirit 0001,0,1157,128,128,0,1
idle spirit 0002,1542,0,128,128,0,1
idle spirit 0003,643,900,128,128,0,1
idle spirit 0004,387,1029,128,128,0,1
idle spirit 0005,772,771,128,128,0,1
idle spirit 0006,129,1415,128,128,0,1
idle spirit 0007,258,1286,128,128,0,1
idle spirit 0008,0,1544,128,128,0,1
idle spirit 0009,387,1158,128,128,0,1
idle spirit 0010,129,1028,128,128,0,1
idle spirit 0011,514,771,128,128,0,1
idle spirit 0012,129,1157,128,128,0,1
idle spirit 0013,258,1028,128,128,0,1
idle spirit 0014,0,1286,128,128,0,1
idle spirit 0015,514,900,128,128,0,1
idle spirit 0016,643,771,128,128,0,1
idle spirit 0017,0,1415,128,128,0,1
idle spirit 0018,129,1286,128,128,0,1
idle spirit 0019,258,1157,128,128,0,1
left 0000,516,1029,128,128,0,1
left 0001,1542,129,128,128,0,1
left 0002,258,1544,128,128,0,1
left 0003,516,1287,128,128,0,1
left 0004,387,1416,128,128,0,1
left 0005,645,1158,128,128,0,1
left 0006,774,1029,128,128,0,1
left 0007,1542,387,128,128,0,1
left 0008,1030,900,128,128,0,1
left 0009,1159,771,128,128,0,1
left 0010,772,900,128,128,0,1
left 0011,901,771,128,128,0,1
left 0012,258,1415,128,128,0,1
left 0013,129,1544,128,128,0,1
left 0014,387,1287,128,128,0,1
left 0015,645,1029,128,128,0,1
left 0016,516,1158,128,128,0,1
left 0017,1542,258,128,128,0,1
left 0018,1030,771,128,128,0,1
left 0019,901,900,128,128,0,1
right 0000,903,1029,128,128,0,1
right 0001,774,1158,128,128,0,1
right 0002,1032,1029,128,128,0,1
right 0003,1542,645,128,128,0,1
right 0004,1288,900,128,128,0,1
right 0005,774,1416,128,128,0,1
right 0006,1032,1158,128,128,0,1
right 0007,903,1287,128,128,0,1
right 0008,1161,1029,128,128,0,1
right 0009,645,1545,128,128,0,1
right 0010,516,1416,128,128,0,1
right 0011,387,1545,128,128,0,1
right 0012,645,1287,128,128,0,1
right 0013,1542,516,128,128,0,1
right 0014,1288,771,128,128,0,1
right 0015,1159,900,128,128,0,1
right 0016,645,1416,128,128,0,1
right 0017,516,1545,128,128,0,1
right 0018,774,1287,128,128,0,1
right 0019,903,1158,128,128,0,1
spirit down 0000,0,0,256,256,0,1
spirit down 0001,257,0,256,256,0,1
spirit down 0002,771,514,256,256,0,1
spirit down 0003,1028,257,256,256,0,1
spirit down 0004,1285,0,256,256,0,1
spirit down 0005,1285,257,256,256,0,1
spirit down 0006,1028,514,256,256,0,1
spirit down 0007,1285,514,256,256,0,1
spirit down 0008,0,771,256,256,0,1
spirit down 0009,257,771,256,256,0,1
spirit down 0010,514,0,256,256,0,1
spirit down 0011,0,257,256,256,0,1
spirit down 0012,257,257,256,256,0,1
spirit down 0013,0,514,256,256,0,1
spirit down 0014,257,514,256,256,0,1
spirit down 0015,514,257,256,256,0,1
spirit down 0016,514,514,256,256,0,1
spirit down 0017,771,0,256,256,0,1
spirit down 0018,771,257,256,256,0,1
spirit down 0019,1028,0,256,256,0,1
up 0000,1417,774,128,128,0,1
up 0001,903,1416,128,128,0,1
up 0002,1419,1032,128,128,0,1
up 0003,1548,903,128,128,0,1
up 0004,1290,1287,128,128,0,1
up 0005,1161,1416,128,128,0,1
up 0006,1032,1545,128,128,0,1
up 0007,1548,1032,128,128,0,1
up 0008,1419,1161,128,128,0,1
up 0009,1161,1545,128,128,0,1
up 0010,1290,1029,128,128,0,1
up 0011,1161,1158,128,128,0,1
up 0012,774,1545,128,128,0,1
up 0013,1032,1287,128,128,0,1
up 0014,1546,774,128,128,0,1
up 0015,903,1545,128,128,0,1
up 0016,1161,1287,128,128,0,1
up 0017,1032,1416,128,128,0,1
up 0018,1290,1158,128,128,0,1
up 0019,1419,903,128,128,0,1
<EOF>