satin-panties|110|bf-car|gf-car|mom|1.8|limo
0|0|0|0|100|4|#0,0,0,#0,272.7273,0,#0,545.4545,0,#0,818.1818,0,#0,954.5454,0,#0,1227.273,0,#0,1363.636,0,#0,1636.364,0,#0,1909.091,0,#0,2045.454,0,
1|0|0|0|100|4|#7,2181.818,0,#7,2454.545,0,#7,2727.273,0,#7,3000,0,#7,3136.364,0,#7,3409.091,0,#7,3545.454,0,#7,3818.182,0,#7,4090.909,0,#7,4227.272,0,
0|0|0|0|100|4|#2,4636.363,0,#3,4909.091,0,#2,5181.818,0,#3,5318.182,0,#0,5590.909,0,#2,5863.636,0,#3,6000,0,#0,6272.727,0,#3,6409.091,0,
0|0|0|0|100|4|#2,6818.182,0,#3,7090.909,0,#2,7363.636,0,#3,7500,0,#0,7772.727,0,#2,8045.454,0,#3,8181.818,0,#0,8318.182,0,#1,8454.545,0,
1|0|0|0|100|4|#2,8727.272,545.4545,#6,9000,0,#7,9272.727,0,#6,9545.454,0,#7,9681.818,0,#4,9954.545,0,#6,10227.27,0,#7,10363.64,0,#4,10636.36,0,#7,10772.73,0,
1|0|0|0|100|4|#6,11181.82,0,#7,11454.54,0,#6,11727.27,0,#7,11863.64,0,#4,12136.36,0,#6,12409.09,0,#7,12545.45,0,#4,12681.82,0,#5,12818.18,0,
0|0|0|0|100|4|#6,13090.91,545.4545,#1,13363.64,0,#1,13500,0,#0,13636.36,0,#0,13909.09,0,#3,14045.45,0,#2,14181.82,272.7273,#3,14590.91,0,#0,14727.27,0,#1,15000,0,
0|0|0|0|100|4|#3,15272.73,272.7273,#0,15681.82,0,#0,15954.54,0,#0,16090.91,0,#0,16227.27,0,#2,16363.64,272.7273,#3,16772.73,0,#0,16909.09,0,#1,17045.45,0,#0,17181.82,0,
1|0|0|0|100|4|#2,17454.54,545.4545,#5,17727.27,0,#5,17863.64,0,#4,18000,0,#4,18272.73,0,#7,18409.09,0,#6,18545.45,272.7273,#7,18954.54,0,#4,19090.91,0,#5,19363.64,0,
1|0|0|0|100|4|#7,19636.36,272.7273,#4,20045.45,0,#4,20318.18,0,#4,20454.54,0,#4,20590.91,0,#6,20727.27,272.7273,#7,21136.36,0,#4,21272.73,0,#5,21409.09,0,#4,21545.45,0,
0|0|0|0|100|4|#6,21818.18,409.0909,#2,21818.18,409.0909,#7,22363.63,0,#3,22363.63,0,#6,22500,0,#2,22500,0,#7,22636.36,0,#3,22636.36,0,#6,22772.73,0,#2,22772.73,0,#4,22909.09,0,#0,22909.09,0,#5,23045.45,0,#1,23045.45,0,#4,23181.82,0,#0,23181.82,0,#5,23318.18,0,#1,23318.18,0,#4,23454.54,0,#0,23454.54,0,#7,23590.91,0,#3,23590.91,0,#4,23727.27,0,#0,23727.27,0,#7,23863.63,0,#3,23863.63,0,
0|0|0|0|100|4|#1,24000,409.0909,#5,24000,409.0909,#4,24545.45,0,#0,24545.45,0,#7,24681.82,0,#3,24681.82,0,#4,24818.18,0,#0,24818.18,0,#7,24954.54,0,#3,24954.54,0,#6,25090.91,136.3636,#2,25090.91,136.3636,#7,25363.63,0,#3,25363.63,0,#7,25636.36,0,#3,25636.36,0,#5,25909.09,0,#1,25909.09,0,
1|0|0|0|100|4|#0,26181.82,409.0909,#7,26181.82,409.0909,#4,26727.27,409.0909,#3,26727.27,409.0909,#2,27272.73,0,#6,27272.73,0,#2,27545.45,0,#6,27545.45,0,#2,27681.82,0,#6,27681.82,0,#3,27818.18,409.0909,#4,27818.18,409.0909,
1|0|0|0|100|4|#1,28363.63,409.0909,#5,28363.63,409.0909,#3,28909.09,409.0909,#7,28909.09,409.0909,#2,29454.54,409.0909,#6,29454.54,409.0909,#0,30000,0,#4,30000,0,#3,30272.73,409.0909,#7,30272.73,0,
0|0|0|0|100|4|#5,30545.45,545.4545,#2,30818.18,0,#3,30954.54,0,#0,31090.91,0,#1,31363.63,0,#3,31636.36,0,#0,31772.73,0,#3,31909.09,0,#3,32181.82,0,#0,32318.18,0,#1,32454.54,0,
0|0|0|0|100|4|#1,33000,0,#3,33136.36,0,#0,33272.73,136.3636,#1,33545.45,0,#2,33818.18,0,#3,33954.54,0,#0,34090.91,0,#0,34227.27,0,#3,34363.64,0,#0,34500,0,#0,34636.36,0,#1,34772.73,0,
1|0|0|0|100|4|#3,34909.09,0,#2,35045.45,0,#6,35181.82,0,#3,35181.82,0,#7,35318.18,0,#4,35454.54,0,#5,35727.27,0,#7,36000,0,#4,36136.36,0,#7,36272.73,0,#7,36545.45,0,#4,36681.82,0,#5,36818.18,0,
1|0|0|0|100|4|#5,37363.64,0,#7,37500,0,#4,37636.36,136.3636,#5,37909.09,0,#6,38181.82,0,#7,38318.18,0,#4,38454.54,0,#4,38590.91,0,#3,38727.27,0,#7,38727.27,0,#0,38863.64,0,#4,38863.64,0,#1,39000,0,#4,39000,0,#3,39136.36,0,#5,39136.36,0,
0|0|0|0|100|4|#2,39272.73,136.3636,#7,39272.73,0,#6,39409.09,0,#7,39545.45,0,#2,39545.45,0,#3,39681.82,0,#0,39818.18,0,#1,39954.54,0,#3,40090.91,0,#1,40227.27,0,#3,40363.64,0,#0,40500,0,#3,40636.36,0,#1,40772.73,0,#3,40909.09,0,#0,41045.45,0,#1,41181.82,0,
0|0|0|0|100|4|#0,41454.54,0,#1,41727.27,0,#3,41863.64,0,#0,42000,136.3636,#1,42272.73,0,#2,42545.45,0,#3,42681.82,0,#0,42818.18,0,#0,42954.54,0,#7,43090.91,0,#3,43090.91,0,#4,43227.27,0,#0,43227.27,0,#5,43363.64,0,#0,43363.64,0,#7,43500,0,#1,43500,0,
1|0|0|0|100|4|#6,43636.36,136.3636,#6,43909.09,0,#7,44045.45,0,#4,44181.82,0,#5,44318.18,0,#7,44454.54,0,#5,44590.91,0,#7,44727.27,0,#4,44863.64,0,#7,45000,0,#5,45136.36,0,#7,45272.73,0,#4,45409.09,0,#5,45545.45,0,
1|0|0|0|100|4|#4,45818.18,0,#5,46090.91,0,#7,46227.27,0,#4,46363.64,136.3636,#5,46636.36,0,#6,46909.09,0,#7,47045.45,0,#4,47181.82,0,#4,47318.18,0,#7,47454.54,0,#4,47590.91,0,#4,47727.27,0,#5,47863.64,0,
0|0|0|0|100|4|#2,48272.73,0,#3,48409.09,0,#0,48545.45,0,#3,48681.82,0,#0,48818.18,0,#2,48954.54,0,#3,49090.91,0,#3,49363.64,0,#1,49636.36,0,#0,49909.09,0,
0|0|0|0|100|4|#3,50454.54,0,#1,50590.91,0,#0,50727.27,0,#3,50863.64,0,#2,51000,0,#0,51272.73,0,#2,51545.45,0,#0,51818.18,0,#1,52090.91,0,
1|0|0|0|100|4|#2,52363.63,545.4545,#6,52636.36,0,#7,52772.73,0,#4,52909.09,0,#7,53045.45,0,#4,53181.82,0,#6,53318.18,0,#7,53454.54,0,#7,53727.27,0,#5,54000,0,#4,54272.73,0,
1|0|0|0|100|4|#7,54818.18,0,#5,54954.54,0,#4,55090.91,0,#7,55227.27,0,#6,55363.63,0,#4,55636.36,0,#6,55909.09,0,#4,56181.82,0,#5,56454.54,0,
0|0|0|0|100|4|#6,56727.27,409.0909,#2,56727.27,409.0909,#3,57272.73,0,#7,57272.73,0,#2,57409.09,0,#6,57409.09,0,#3,57545.45,0,#7,57545.45,0,#2,57681.82,0,#6,57681.82,0,#0,57818.18,0,#4,57818.18,0,#1,57954.54,0,#5,57954.54,0,#0,58090.91,0,#4,58090.91,0,#1,58227.27,0,#5,58227.27,0,#0,58363.63,0,#4,58363.63,0,#3,58500,0,#7,58500,0,#0,58636.36,0,#4,58636.36,0,#3,58772.73,0,#7,58772.73,0,
0|0|0|0|100|4|#1,58909.09,409.0909,#5,58909.09,409.0909,#4,59454.54,0,#0,59454.54,0,#7,59590.91,0,#3,59590.91,0,#4,59727.27,0,#0,59727.27,0,#7,59863.63,0,#3,59863.63,0,#6,60000,136.3636,#2,60000,136.3636,#7,60272.73,0,#3,60272.73,0,#7,60545.45,0,#3,60545.45,0,#5,60818.18,0,#1,60818.18,0,
1|0|0|0|100|4|#4,61090.91,409.0909,#3,61090.91,409.0909,#0,61636.36,409.0909,#7,61636.36,409.0909,#6,62181.82,0,#2,62181.82,0,#6,62454.54,0,#2,62454.54,0,#6,62590.91,0,#2,62590.91,0,#7,62727.27,409.0909,#0,62727.27,409.0909,
1|0|0|0|100|4|#1,63272.73,409.0909,#5,63272.73,409.0909,#3,63818.18,409.0909,#7,63818.18,409.0909,#2,64363.63,409.0909,#6,64363.63,409.0909,#0,64909.09,0,#4,64909.09,0,#3,65181.82,0,#7,65181.82,0,
0|0|0|0|100|4|#5,65454.54,545.4545,#2,65454.54,0,#2,65727.27,0,#3,65863.63,0,#0,66000,0,#1,66272.73,0,#3,66545.45,0,#0,66681.81,0,#3,66818.18,0,#3,67090.91,0,#0,67227.27,0,#1,67363.63,0,
0|0|0|0|100|4|#1,67909.09,0,#3,68045.45,0,#0,68181.81,136.3636,#1,68454.55,0,#2,68727.27,0,#0,68818.18,0,#3,68909.09,0,#0,69000,0,#0,69181.81,0,#3,69272.73,0,#0,69363.63,0,#3,69454.55,0,#1,69545.45,0,#0,69727.27,0,
1|0|0|0|100|4|#1,69818.18,409.0909,#6,70090.91,0,#7,70227.27,0,#4,70363.63,0,#3,70363.63,409.0909,#5,70636.36,0,#7,70909.09,0,#2,70909.09,409.0909,#4,71045.45,0,#7,71181.81,0,#7,71454.55,0,#3,71454.55,409.0909,#4,71590.91,0,#5,71727.27,0,
1|0|0|0|100|4|#1,72000,409.0909,#5,72272.73,0,#7,72409.09,0,#4,72545.45,136.3636,#3,72545.45,409.0909,#5,72818.18,0,#6,73090.91,0,#4,73181.81,0,#7,73272.73,0,#4,73363.63,0,#4,73545.45,0,#7,73636.36,0,#4,73727.27,0,#7,73818.18,0,#5,73909.09,0,#4,74090.91,0,
0|0|0|0|100|4|#0,74181.81,136.3636,#5,74181.81,409.0909,#2,74454.55,0,#3,74590.91,0,#0,74727.27,0,#7,74727.27,409.0909,#1,74863.63,0,#3,75000,0,#1,75136.36,0,#3,75272.73,0,#6,75272.73,409.0909,#0,75409.09,0,#3,75545.45,0,#1,75681.81,0,#3,75818.18,0,#7,75818.18,409.0909,#0,75954.55,0,#1,76090.91,0,
0|0|0|0|100|4|#0,76363.63,0,#5,76363.63,409.0909,#1,76636.36,0,#3,76772.73,0,#0,76909.09,136.3636,#7,76909.09,409.0909,#1,77181.81,0,#2,77454.55,0,#6,77454.55,409.0909,#3,77590.91,0,#0,77727.27,0,#0,77863.63,0,#3,78000,0,#7,78000,0,#0,78136.36,0,#4,78136.36,0,#0,78272.73,0,#4,78272.73,0,#1,78409.09,0,#5,78409.09,0,
1|0|0|0|100|4|#4,78545.45,136.3636,#6,78818.18,0,#7,78954.55,0,#4,79090.91,0,#5,79227.27,0,#7,79363.63,0,#5,79500,0,#7,79636.36,0,#4,79772.73,0,#7,79909.09,0,#5,80045.45,0,#7,80181.81,0,#4,80318.18,0,#5,80454.55,0,
1|0|0|0|100|4|#4,80727.27,0,#5,81000,0,#7,81136.36,0,#4,81272.73,136.3636,#5,81545.45,0,#6,81818.18,0,#7,81954.54,0,#4,82090.91,0,#4,82227.27,0,#7,82363.63,0,#4,82500,0,#4,82636.36,0,#5,82772.73,0,
0|0|0|0|100|4|#7,82909.09,1090.909,#2,83181.81,0,#3,83454.54,0,#2,83727.27,0,#3,83863.63,0,#0,84136.36,0,#2,84409.09,0,#3,84545.45,0,#0,84818.18,0,#3,84954.54,0,
1|0|0|0|100|4|#6,85363.63,0,#7,85636.36,0,#6,85909.09,0,#7,86045.45,0,#4,86318.18,0,#6,86590.91,0,#7,86727.27,0,#4,86863.63,0,#5,87000,0,
1|0|0|0|100|4|#6,87272.73,545.4545,
1|0|0|0|100|4|
1|0|0|0|100|4|
1|0|0|0|100|4|
