Ugh|160|bf|gf|tankman|2.3|tankstage
0|0|0|0|100|4|#3,0,0,#3,187.5,0,#0,375,93.75,#3,562.5,0,#2,750,93.75,#3,937.5,0,#0,1125,93.75,#2,1312.5,0,#2,1406.25,0,
0|0|0|0|100|4|#3,1500,0,#2,1593.75,0,#3,1687.5,0,#1,1781.25,0,#0,1875,0,#1,1968.75,0,#0,2062.5,93.75,#1,2250,281.25,#3,2625,281.25,
0|0|0|0|100|4|#3,3000,0,#3,3187.5,0,#0,3375,93.75,#3,3562.5,0,#2,3750,93.75,#3,3937.5,0,#1,4125,281.25,
0|0|0|0|100|4|#3,4500,0,#2,4687.5,0,#1,4875,0,#0,5062.5,0,#3,5250,281.25,#2,5625,0,true
1|0|0|0|100|4|#7,6000,0,#7,6187.5,0,#4,6375,93.75,#7,6562.5,0,#6,6750,93.75,#7,6937.5,0,#4,7125,93.75,#6,7312.5,0,#6,7406.25,0,
1|0|0|0|100|4|#7,7500,0,#6,7593.75,0,#7,7687.5,0,#5,7781.25,0,#4,7875,0,#5,7968.75,0,#4,8062.5,93.75,#5,8250,281.25,#7,8625,281.25,
1|0|0|0|100|4|#7,9000,0,#7,9187.5,0,#4,9375,93.75,#7,9562.5,0,#6,9750,93.75,#7,9937.5,0,#5,10125,281.25,
1|0|0|0|100|4|#7,10500,0,#6,10687.5,0,#5,10875,0,#4,11062.5,0,#7,11250,281.25,#5,11625,281.25,
0|0|0|0|100|4|#3,12000,0,#3,12093.75,0,#1,12187.5,0,#0,12375,0,#1,12562.5,0,#0,12750,0,#1,12843.75,0,#3,12937.5,0,#1,13031.25,0,#0,13125,93.75,#1,13312.5,0,
0|0|0|0|100|4|#3,13500,93.75,#1,13687.5,0,#3,13875,93.75,#0,14062.5,0,#2,14250,0,#3,14437.5,0,#0,14625,0,#3,14812.5,0,
0|0|0|0|100|4|#3,15000,0,#3,15187.5,0,#2,15281.25,0,#3,15375,0,#2,15562.5,0,#1,15656.25,0,#2,15750,0,#1,15937.5,0,#0,16031.25,0,#1,16125,0,#0,16312.5,0,
0|0|0|0|100|4|#1,16500,93.75,#2,16687.5,93.75,#3,16875,93.75,#0,17062.5,93.75,#1,17250,93.75,#0,17437.5,0,#1,17531.25,0,#3,17625,93.75,#0,17812.5,0,
1|0|0|0|100|4|#7,18000,0,#3,18000,281.25,#7,18093.75,0,#5,18187.5,0,#4,18375,0,#5,18562.5,0,#4,18750,0,#5,18843.75,0,#7,18937.5,0,#5,19031.25,0,#4,19125,93.75,#5,19312.5,0,
1|0|0|0|100|4|#7,19500,93.75,#5,19687.5,0,#7,19875,93.75,#4,20062.5,0,#6,20250,0,#7,20437.5,0,#4,20625,0,#7,20812.5,0,
1|0|0|0|100|4|#7,21000,0,#7,21187.5,0,#6,21281.25,0,#7,21375,0,#6,21562.5,0,#5,21656.25,0,#6,21750,0,#5,21937.5,0,#4,22031.25,0,#5,22125,0,#4,22312.5,0,
1|0|0|0|100|4|#5,22500,93.75,#6,22687.5,93.75,#7,22875,93.75,#4,23062.5,93.75,#5,23250,93.75,#4,23437.5,0,#5,23531.25,0,#7,23625,93.75,#4,23812.5,0,
0|0|0|0|100|4|#1,24000,0,#7,24000,281.25,#0,24093.75,0,#1,24187.5,0,#2,24281.25,0,#3,24375,0,#1,24562.5,0,#0,24656.25,0,#1,24750,0,#2,24843.75,0,#3,24937.5,0,#1,25125,0,#0,25218.75,0,#1,25312.5,0,#2,25406.25,0,
0|0|0|0|100|4|#3,25500,0,#1,25687.5,0,#0,25781.25,0,#1,25875,0,#2,25968.75,0,#3,26062.5,93.75,#0,26250,281.25,#1,26625,93.75,#3,26812.5,93.75,
1|0|0|0|100|4|#5,27000,0,#1,27000,281.25,#4,27093.75,0,#5,27187.5,0,#6,27281.25,0,#7,27375,0,#2,27375,281.25,#5,27562.5,0,#4,27656.25,0,#5,27750,0,#3,27750,281.25,#6,27843.75,0,#7,27937.5,0,#5,28125,0,#1,28125,281.25,#4,28218.75,0,#5,28312.5,0,#6,28406.25,0,
1|0|0|0|100|4|#7,28500,0,#0,28500,281.25,#5,28687.5,0,#4,28781.25,0,#5,28875,0,#1,28875,281.25,#6,28968.75,0,#7,29062.5,93.75,#4,29250,281.25,#3,29250,281.25,#5,29625,93.75,#3,29625,281.25,#7,29812.5,93.75,
0|0|0|0|100|4|#5,30000,656.25,#0,30000,93.75,#1,30187.5,0,#2,30281.25,0,#3,30375,0,#0,30562.5,93.75,#1,30750,0,#2,30843.75,0,#3,30937.5,0,#0,31125,93.75,#1,31312.5,0,#2,31406.25,0,
0|0|0|0|100|4|#3,31500,0,#0,31687.5,93.75,#0,31875,0,#1,31968.75,0,#2,32062.5,93.75,#1,32250,281.25,#3,32625,281.25,
1|0|0|0|100|4|#4,33000,93.75,#1,33000,281.25,#5,33187.5,0,#6,33281.25,0,#7,33375,0,#2,33375,281.25,#4,33562.5,93.75,#5,33750,0,#3,33750,281.25,#6,33843.75,0,#7,33937.5,0,#4,34125,93.75,#1,34125,281.25,#5,34312.5,0,#6,34406.25,0,
1|0|0|0|100|4|#7,34500,0,#0,34500,281.25,#4,34687.5,93.75,#4,34875,0,#1,34875,281.25,#5,34968.75,0,#6,35062.5,93.75,#5,35250,281.25,#3,35250,281.25,#7,35625,281.25,#3,35625,281.25,
0|0|0|0|100|4|#3,36000,0,#5,36000,468.75,#3,36187.5,0,#2,36375,93.75,#3,36562.5,0,#1,36750,93.75,#3,36937.5,0,#0,37125,93.75,#2,37312.5,0,#2,37406.25,0,
0|0|0|0|100|4|#3,37500,0,#2,37593.75,0,#3,37687.5,0,#1,37781.25,0,#0,37875,0,#1,37968.75,0,#0,38062.5,93.75,#1,38250,281.25,#3,38625,281.25,
0|0|0|0|100|4|#3,39000,0,#3,39187.5,0,#2,39375,93.75,#3,39562.5,0,#1,39750,93.75,#3,39937.5,0,#0,40125,281.25,
0|0|0|0|100|4|#0,40500,0,#1,40687.5,0,#2,40875,0,#3,41062.5,0,#0,41250,281.25,#2,41625,0,true
1|0|0|0|100|4|#7,42000,0,#7,42187.5,0,#6,42375,93.75,#7,42562.5,0,#5,42750,93.75,#7,42937.5,0,#4,43125,93.75,#6,43312.5,0,#6,43406.25,0,
1|0|0|0|100|4|#7,43500,0,#6,43593.75,0,#7,43687.5,0,#5,43781.25,0,#4,43875,0,#5,43968.75,0,#4,44062.5,93.75,#5,44250,281.25,#7,44625,281.25,
1|0|0|0|100|4|#7,45000,0,#7,45187.5,0,#6,45375,93.75,#7,45562.5,0,#5,45750,93.75,#7,45937.5,0,#4,46125,281.25,
1|0|0|0|100|4|#4,46500,0,#5,46687.5,0,#6,46875,0,#7,47062.5,0,#4,47250,281.25,#5,47625,281.25,
0|0|0|0|100|4|#1,48000,0,#0,48093.75,0,#1,48187.5,0,#2,48281.25,0,#3,48375,0,#1,48562.5,0,#0,48656.25,0,#1,48750,0,#2,48843.75,0,#3,48937.5,0,#2,49125,0,true
0|0|0|0|100|4|#3,49500,93.75,#1,49687.5,0,#3,49875,93.75,#0,50062.5,0,#2,50250,0,#3,50437.5,0,#0,50625,0,#3,50812.5,0,
0|0|0|0|100|4|#3,51000,0,#3,51187.5,0,#2,51281.25,0,#3,51375,0,#2,51562.5,0,#1,51656.25,0,#2,51750,0,#1,51937.5,0,#0,52031.25,0,#1,52125,0,#0,52312.5,0,
0|0|0|0|100|4|#1,52500,93.75,#2,52687.5,93.75,#3,52875,93.75,#0,53062.5,93.75,#1,53250,93.75,#0,53437.5,0,#1,53531.25,0,#3,53625,93.75,#0,53812.5,0,
1|0|0|0|100|4|#5,54000,0,#3,54000,281.25,#4,54093.75,0,#5,54187.5,0,#6,54281.25,0,#7,54375,0,#5,54562.5,0,#4,54656.25,0,#5,54750,0,#6,54843.75,0,#7,54937.5,0,#5,55125,281.25,
1|0|0|0|100|4|#7,55500,93.75,#5,55687.5,0,#7,55875,93.75,#4,56062.5,0,#6,56250,0,#7,56437.5,0,#4,56625,0,#7,56812.5,0,
1|0|0|0|100|4|#7,57000,0,#7,57187.5,0,#6,57281.25,0,#7,57375,0,#6,57562.5,0,#5,57656.25,0,#6,57750,0,#5,57937.5,0,#4,58031.25,0,#5,58125,0,#4,58312.5,0,
1|0|0|0|100|4|#5,58500,93.75,#6,58687.5,93.75,#7,58875,93.75,#4,59062.5,93.75,#5,59250,93.75,#4,59437.5,0,#5,59531.25,0,#7,59625,93.75,#4,59812.5,0,
0|0|0|0|100|4|#3,60000,0,#7,60000,281.25,#3,60093.75,0,#1,60187.5,0,#0,60375,0,#1,60562.5,0,#0,60750,0,#1,60843.75,0,#3,60937.5,0,#1,61031.25,0,#0,61125,93.75,#1,61312.5,0,
0|0|0|0|100|4|#3,61500,93.75,#1,61687.5,0,#3,61875,93.75,#0,62062.5,0,#2,62250,0,#3,62437.5,0,#0,62625,0,#3,62812.5,0,
0|0|0|0|100|4|#3,63000,0,#3,63187.5,0,#2,63281.25,0,#3,63375,0,#2,63562.5,0,#1,63656.25,0,#2,63750,0,#1,63937.5,0,#0,64031.25,0,#1,64125,0,#0,64312.5,0,
0|0|0|0|100|4|#1,64500,93.75,#2,64687.5,93.75,#3,64875,93.75,#0,65062.5,93.75,#1,65250,93.75,#0,65437.5,0,#1,65531.25,0,#3,65625,93.75,#0,65812.5,0,
1|0|0|0|100|4|#7,66000,0,#3,66000,281.25,#7,66093.75,0,#5,66187.5,0,#4,66375,0,#5,66562.5,0,#4,66750,0,#5,66843.75,0,#7,66937.5,0,#5,67031.25,0,#4,67125,93.75,#5,67312.5,0,
1|0|0|0|100|4|#7,67500,93.75,#5,67687.5,0,#7,67875,93.75,#4,68062.5,0,#6,68250,0,#7,68437.5,0,#4,68625,0,#7,68812.5,0,
1|0|0|0|100|4|#7,69000,0,#7,69187.5,0,#6,69281.25,0,#7,69375,0,#6,69562.5,0,#5,69656.25,0,#6,69750,0,#5,69937.5,0,#4,70031.25,0,#5,70125,0,#4,70312.5,0,
1|0|0|0|100|4|#5,70500,93.75,#6,70687.5,93.75,#7,70875,93.75,#4,71062.5,93.75,#5,71250,93.75,#4,71437.5,0,#5,71531.25,0,#7,71625,93.75,#4,71812.5,0,
0|0|0|0|100|4|#7,72000,281.25,#3,72000,0,#3,72187.5,0,#2,72375,93.75,#3,72562.5,0,#1,72750,93.75,#3,72937.5,0,#0,73125,93.75,#2,73312.5,0,#2,73406.25,0,
0|0|0|0|100|4|#3,73500,0,#2,73593.75,0,#3,73687.5,0,#1,73781.25,0,#0,73875,0,#1,73968.75,0,#0,74062.5,93.75,#1,74250,281.25,#3,74625,281.25,
0|0|0|0|100|4|#3,75000,0,#3,75187.5,0,#2,75375,93.75,#3,75562.5,0,#1,75750,93.75,#3,75937.5,0,#0,76125,281.25,
0|0|0|0|100|4|#0,76500,0,#1,76687.5,0,#2,76875,0,#3,77062.5,0,#0,77250,281.25,#2,77625,0,true
1|0|0|0|100|4|#7,78000,0,#7,78187.5,0,#6,78375,93.75,#7,78562.5,0,#5,78750,93.75,#7,78937.5,0,#4,79125,93.75,#6,79312.5,0,#6,79406.25,0,
1|0|0|0|100|4|#7,79500,0,#6,79593.75,0,#7,79687.5,0,#5,79781.25,0,#4,79875,0,#5,79968.75,0,#4,80062.5,93.75,#5,80250,281.25,#7,80625,281.25,
1|0|0|0|100|4|#7,81000,0,#7,81187.5,0,#6,81375,93.75,#7,81562.5,0,#5,81750,93.75,#7,81937.5,0,#4,82125,281.25,
1|0|0|0|100|4|#4,82500,0,#5,82687.5,0,#6,82875,0,#7,83062.5,0,#4,83250,281.25,#5,83625,281.25,
1|0|0|0|100|4|
1|0|0|0|100|4|
