400|100|0.5|350|225|0
idle|0,1,2,3,4,5,6,7,8,9,10,11,12,13|-2|0
singUP|106,107,108,109,110,111,112,113,114,115,116,117,118,119|-47|-24
singDOWN|14,15,16,17,18,19,20,21,22,23,24,25,26,27,28|-31|29
singLEFT|44,45,46,47,48,49,50,51,52,53,54,55,56,57,58,59|-40|-16
singRIGHT|75,76,77,78,79,80,81,82,83,84,85,86,87,88,89,90|30|23
singRIGHT-alt|91,92,93,94,95,96,97,98,99,100,101,102,103,104,105|30|24
singDOWN-alt|29,30,31,32,33,34,35,36,37,38,39,40,41,42,43|0|27
singLEFT-alt|60,61,62,63,64,65,66,67,68,69,70,71,72,73,74|-40|-15
singUP-alt|120,121,122,123,124,125,126,127,128,129,130,131,132,133|-47|-24
