BF Dead confirm0000,2648,2,439,435,0,1.147126
BF Dead confirm0001,3089,2,439,469,0,1.063966
BF Dead confirm0002,3530,2,439,499,0,1
BF Dead confirm0003,2,503,439,469,0,1.063966
BF Dead confirm0004,443,503,439,469,0,1.063966
BF Dead confirm0005,884,503,439,469,0,1.063966
BF Dead confirm0006,1325,503,439,469,0,1.063966
BF Dead confirm0007,1766,503,439,469,0,1.063966
BF Dead confirm0008,2207,503,439,469,0,1.063966
BF Dead confirm0009,2648,503,439,469,0,1.063966
BF Dead confirm0010,3089,503,439,469,0,1.063966
BF Dead confirm0011,3530,503,439,469,0,1.063966
BF Dead confirm0012,2,974,439,469,0,1.063966
BF Dead confirm0013,443,974,439,469,0,1.063966
BF Dead confirm0014,884,974,439,469,0,1.063966
BF Dead confirm0015,1325,974,439,469,0,1.063966
BF Dead confirm0016,1766,974,439,469,0,1.063966
BF Dead confirm0017,2207,974,439,469,0,1.063966
BF Dead confirm0018,2648,974,439,469,0,1.063966
BF Dead confirm0019,3089,974,439,469,0,1.063966
BF Dead confirm0020,3530,974,439,469,0,1.063966
BF Dead confirm0021,2,1445,439,469,0,1.063966
BF Dead confirm0022,443,1445,439,469,0,1.063966
BF Dead confirm0023,884,1445,439,469,0,1.063966
BF Dead confirm0024,884,1445,439,469,0,1.063966
BF Dead confirm0025,884,1445,439,469,0,1.063966
BF Dead confirm0026,884,1445,439,469,0,1.063966
BF Dead confirm0027,884,1445,439,469,0,1.063966
BF Dead confirm0028,884,1445,439,469,0,1.063966
BF Dead confirm0029,884,1445,439,469,0,1.063966
BF Dead confirm0030,884,1445,439,469,0,1.063966
BF Dead confirm0031,884,1445,439,469,0,1.063966
BF Dead confirm0032,884,1445,439,469,0,1.063966
BF Dead confirm0033,884,1445,439,469,0,1.063966
BF Dead Loop0000,2,2,439,435,0,1
BF Dead Loop0001,443,2,439,435,0,1
BF Dead Loop0002,443,2,439,435,0,1
BF Dead Loop0003,884,2,439,435,0,1
BF Dead Loop0004,884,2,439,435,0,1
BF Dead Loop0005,1325,2,439,435,0,1
BF Dead Loop0006,1325,2,439,435,0,1
BF Dead Loop0007,1766,2,439,435,0,1
BF Dead Loop0008,2207,2,439,435,0,1
BF Dead Loop0009,2207,2,439,435,0,1
BF Dead Loop0010,2207,2,439,435,0,1
BF Dead Loop0011,2207,2,439,435,0,1
BF Dead Loop0012,2207,2,439,435,0,1
BF Dead Loop0013,2207,2,439,435,0,1
BF Dead Loop0014,2207,2,439,435,0,1
BF Dead Loop0015,2207,2,439,435,0,1
BF Dead Loop0016,2207,2,439,435,0,1
BF Dead Loop0017,2,2,439,435,0,1
BF Dead Loop0018,443,2,439,435,0,1
BF Dead Loop0019,443,2,439,435,0,1
BF Dead Loop0020,884,2,439,435,0,1
BF Dead Loop0021,884,2,439,435,0,1
BF Dead Loop0022,1325,2,439,435,0,1
BF Dead Loop0023,1325,2,439,435,0,1
BF Dead Loop0024,2207,2,439,435,0,1
BF Dead Loop0025,2207,2,439,435,0,1
BF Dead Loop0026,2207,2,439,435,0,1
BF Dead Loop0027,2207,2,439,435,0,1
BF Dead Loop0028,2207,2,439,435,0,1
BF Dead Loop0029,2207,2,439,435,0,1
BF Dead Loop0030,1766,2,439,435,0,1
BF Dead Loop0031,2207,2,439,435,0,1
BF Dead Loop0032,2207,2,439,435,0,1
BF Dead Loop0033,2207,2,439,435,0,1
BF dies0000,1325,1445,433,415,-0.002309469,1
BF dies0001,1760,1445,433,415,-0.002309469,1
BF dies0002,2195,1445,439,412,0,1.014563
BF dies0003,2636,1445,439,412,0,1.014563
BF dies0004,3077,1445,439,412,0,1.014563
BF dies0005,3518,1445,439,412,0,1.014563
BF dies0006,2,1916,439,412,0,1.014563
BF dies0007,2,1916,439,412,0,1.014563
BF dies0008,2,1916,439,412,0,1.014563
BF dies0009,2,1916,439,412,0,1.014563
BF dies0010,2,1916,439,412,0,1.014563
BF dies0011,2,1916,439,412,0,1.014563
BF dies0012,2,1916,439,412,0,1.014563
BF dies0013,2,1916,439,412,0,1.014563
BF dies0014,2,1916,439,412,0,1.014563
BF dies0015,443,1916,439,412,0,1.014563
BF dies0016,443,1916,439,412,0,1.014563
BF dies0017,443,1916,439,412,0,1.014563
BF dies0018,884,1916,439,412,0,1.014563
BF dies0019,884,1916,439,412,0,1.014563
BF dies0020,1325,1916,439,412,0,1.014563
BF dies0021,1325,1916,439,412,0,1.014563
BF dies0022,1766,1916,439,412,0,1.014563
BF dies0023,1766,1916,439,412,0,1.014563
BF dies0024,2207,1916,439,412,0,1.014563
BF dies0025,2648,1916,439,439,0,1.013667
BF dies0026,2648,1916,439,439,0,1.013667
BF dies0027,3089,1916,439,434,0,1.013825
BF dies0028,3089,1916,439,434,0,1.013825
BF dies0029,3530,1916,439,435,0,1.013793
BF dies0030,3530,1916,439,435,0,1.013793
BF dies0031,2,2357,439,435,0,1.013793
BF dies0032,2,2357,439,435,0,1.013793
BF dies0033,2,2357,439,435,0,1.013793
BF dies0034,2,2357,439,435,0,1.013793
BF dies0035,443,2357,439,435,0,1.013793
BF dies0036,884,2357,439,435,0,1.013793
BF dies0037,1325,2357,439,435,0,1.013793
BF dies0038,1766,2357,439,435,0,1.013793
BF dies0039,2207,2357,439,435,0,1.013793
BF dies0040,2648,2357,439,435,0,1.013793
BF dies0041,3089,2357,439,435,0,1.013793
BF dies0042,3530,2357,439,435,0,1.013793
BF dies0043,2,2794,439,435,0,1.013793
BF dies0044,443,2794,439,435,0,1.013793
BF dies0045,884,2794,439,435,0,1.013793
BF dies0046,1325,2794,439,435,0,1.013793
BF dies0047,1766,2794,439,435,0,1.013793
BF dies0048,2207,2794,439,435,0,1.013793
BF dies0049,2648,2794,439,435,0,1.013793
BF dies0050,3089,2794,439,435,0,1.013793
BF dies0051,3530,2794,439,435,0,1.013793
BF dies0052,2,3231,439,435,0,1.013793
BF dies0053,2,2,439,435,0,1.013793
BF dies0054,443,3231,439,435,0,1.013793
BF dies0055,443,3231,439,435,0,1.013793
BF dies0056,443,3231,439,435,0,1.013793
BF dies0057,443,3231,439,435,0,1.013793
<EOF>